[-1.72, 13.56, 7.97, 7.26, 4.07, 6.37, 5.97, 4.29, 1.37, 3.8, 0.84, 3.67]
[-0.4, 6.92, 11.96, 7.26, 4.07, 6.37, 5.97, 4.29, 2.7, 5.13, 3.5, 3.67]
[-1.72, 10.9, 7.97, 3.28, 4.07, 6.37, 5.97, 4.29, 2.7, 3.8, 0.84, 3.67]
[0.93, 10.9, 10.63, 8.59, 4.07, 6.37, 5.97, 4.29, 1.37, 3.8, 2.17, 3.67]
[2.26, 8.25, 9.3, 7.26, 4.07, 6.37, 5.97, 4.29, 2.7, 3.8, 0.84, 2.34]
[-0.4, 8.25, 7.97, 8.59, 4.07, 5.05, 5.97, 4.29, 2.7, 3.8, 0.84, 3.67]
[-1.72, 6.92, 7.97, 5.94, 4.07, 5.05, 7.3, 4.29, 2.7, 5.13, 0.84, 3.67]
[-0.4, 8.25, 10.63, 8.59, 2.75, 6.37, 5.97, 4.29, 1.37, 5.13, 0.84, 3.67]
[-1.72, 8.25, 9.3, 5.94, 4.07, 5.05, 4.65, 4.29, 1.37, 3.8, -0.49, 3.67]
[-1.72, 12.23, 9.3, 5.94, 4.07, 6.37, 5.97, 2.97, 4.03, 3.8, 0.84, 1.01]
[-1.72, 9.58, 7.97, 9.92, 4.07, 6.37, 7.3, 5.62, 1.37, 5.13, 0.84, 3.67]
[-1.72, 9.58, 11.96, 7.26, 4.07, 6.37, 5.97, 4.29, 1.37, 3.8, 0.84, 3.67]
[2.26, 9.58, 7.97, 4.61, 4.07, 6.37, 7.3, 4.29, 1.37, 3.8, 2.17, 3.67]
[-1.72, 8.25, 7.97, 4.61, 4.07, 6.37, 5.97, 4.29, 2.7, 3.8, 2.17, 3.67]
[-5.71, 10.9, 7.97, 7.26, 4.07, 5.05, 5.97, 4.29, 1.37, 2.47, 0.84, 2.34]
[-1.72, 10.9, 6.64, 5.94, 4.07, 6.37, 5.97, 4.29, 1.37, 3.8, 0.84, 3.67]
[-0.4, 9.58, 5.32, 3.28, 4.07, 6.37, 5.97, 4.29, 2.7, 3.8, 0.84, 3.67]
[0.93, 8.25, 11.96, 5.94, 4.07, 6.37, 5.97, 4.29, 2.7, 5.13, 0.84, 3.67]
[-1.72, 10.9, 5.32, 9.92, 4.07, 5.05, 5.97, 2.97, 1.37, 3.8, 0.84, 1.01]
[-1.72, 10.9, 5.32, 5.94, 4.07, 3.72, 4.65, 4.29, 1.37, 2.47, 0.84, 3.67]
[-1.72, 8.25, 6.64, 5.94, 4.07, 5.05, 5.97, 2.97, 2.7, 2.47, 0.84, 2.34]
[-0.4, 12.23, 6.64, 7.26, 4.07, 3.72, 5.97, 4.29, 2.7, 1.15, 0.84, 3.67]
[-3.05, 5.59, 6.64, 4.61, 2.75, 6.37, 5.97, 4.29, 1.37, 3.8, 0.84, 2.34]
[-8.36, 9.58, 3.99, 5.94, 2.75, 5.05, 5.97, 4.29, 0.04, 3.8, 0.84, 2.34]
[-1.72, 9.58, 9.3, 8.59, 4.07, 5.05, 5.97, 4.29, 2.7, 3.8, 0.84, 3.67]
[-1.72, 9.58, 10.63, 5.94, 4.07, 6.37, 4.65, 4.29, 1.37, 3.8, -0.49, 3.67]
[-1.72, 6.92, 7.97, 5.94, 4.07, 3.72, 5.97, 2.97, 1.37, 5.13, 0.84, 3.67]
[-3.05, 4.26, 6.64, 5.94, 4.07, 6.37, 5.97, 4.29, 2.7, 5.13, 0.84, 2.34]
[-0.4, 10.9, 3.99, 4.61, 4.07, 5.05, 5.97, 4.29, 1.37, 3.8, 0.84, 2.34]
[-3.05, 9.58, 6.64, 4.61, 4.07, 5.05, 4.65, 4.29, 1.37, 5.13, 0.84, 3.67]
[-4.38, 5.59, 10.63, 7.26, 2.75, 6.37, 5.97, 2.97, 2.7, 3.8, 2.17, 2.34]
[-1.72, 4.26, 7.97, 5.94, 4.07, 5.05, 5.97, 4.29, 2.7, 3.8, 2.17, 2.34]
[-3.05, 8.25, 7.97, 7.26, 4.07, 5.05, 4.65, 4.29, 2.7, 3.8, 0.84, 2.34]
[-1.72, 9.58, 7.97, 7.26, 4.07, 5.05, 5.97, 2.97, 0.04, 5.13, 2.17, 3.67]
[-1.72, 9.58, 10.63, 4.61, 4.07, 6.37, 5.97, 4.29, 2.7, 5.13, 0.84, 2.34]
[-1.72, 10.9, 6.64, 11.25, 4.07, 6.37, 5.97, 2.97, 1.37, 3.8, 2.17, 2.34]
[-3.05, 10.9, 6.64, 5.94, 4.07, 3.72, 5.97, 2.97, 1.37, 3.8, 2.17, 2.34]
[-0.4, 8.25, 6.64, 8.59, 4.07, 6.37, 5.97, 4.29, 1.37, 5.13, 2.17, 3.67]
[-1.72, 6.92, 10.63, 4.61, 2.75, 5.05, 5.97, 4.29, 1.37, 3.8, 2.17, 2.34]
[-3.05, 10.9, 7.97, 3.28, 4.07, 5.05, 5.97, 4.29, 1.37, 3.8, 2.17, 3.67]
