[6.24, 13.56, 13.28, 11.25, 2.75, -0.27, 0.66, 0.31, -1.28, 2.47, 0.84, 2.34]
[-7.04, 16.22, -18.59, -2.03, 2.75, 7.7, 4.65, 0.31, 0.04, 9.11, 2.17, 2.34]
[-5.71, 8.25, 10.63, 11.25, 1.42, 3.72, 1.99, 1.64, 0.04, 6.46, -3.14, -0.31]
[-11.02, 13.56, 9.3, -2.03, 0.09, 9.03, -7.31, 0.31, -2.61, 11.77, -3.14, -4.3]
[3.59, 14.89, -3.98, 1.95, 1.42, 1.06, 3.32, 1.64, 1.37, -0.18, 6.15, -0.31]
[6.24, -2.38, 0.0, 4.61, 1.42, -6.91, -15.28, 1.64, -5.27, -10.81, 7.48, -1.64]
[-7.04, -46.21, -13.28, -8.67, 0.09, -2.92, 3.32, 1.64, 1.37, -6.82, -9.78, -2.97]
[-0.4, -10.35, 7.97, -4.69, 2.75, -26.83, 0.66, 1.64, -3.94, -30.73, -4.47, -1.64]
[-0.4, 0.28, -2.65, -4.69, -1.24, 3.72, -0.67, 1.64, -1.28, 2.47, 4.83, -1.64]
[3.59, -66.13, 6.64, -7.35, 0.09, 3.72, 0.66, -1.02, 4.03, 9.11, 3.5, 2.34]
[-3.05, -15.66, -13.28, 4.61, 4.07, 3.72, 1.99, -1.02, 1.37, 3.8, -3.14, -6.95]
[-9.69, -1.05, -2.65, -4.69, -3.89, -1.59, -3.32, -2.35, 1.37, -2.84, 6.15, 2.34]
[-0.4, -14.33, 9.3, -0.7, 0.09, 7.7, 0.66, -1.02, 1.37, 6.46, 3.5, 3.67]
[-0.4, 8.25, -7.97, -0.7, -1.24, -1.59, -0.67, 2.97, -3.94, -6.82, -5.8, 3.67]
[0.93, 14.89, -18.59, 3.28, -1.24, 1.06, 1.99, -1.02, 0.04, 3.8, -1.81, -4.3]
[-0.4, -14.33, -14.61, -7.35, 0.09, 5.05, 1.99, -5.0, -2.61, 9.11, 6.15, -6.95]
[0.93, 14.89, -15.93, -7.35, -1.24, 3.72, -0.67, -1.02, 1.37, 7.79, -4.47, 1.01]
[7.57, 14.89, -15.93, -6.02, -1.24, 2.39, 3.32, 0.31, -1.28, 7.79, 2.17, 1.01]
[6.24, 14.89, 13.28, -6.02, -1.24, -4.25, 0.66, 1.64, 1.37, -9.48, 0.84, 2.34]
[4.92, 1.61, 6.64, 5.94, -3.89, -4.25, 0.66, -1.02, -1.28, -5.49, 0.84, -0.31]
[-3.05, -13.0, 6.64, 1.95, 1.42, 9.03, 0.66, -1.02, 0.04, 10.44, -0.49, -1.64]
[6.24, -70.11, 1.33, 7.26, 0.09, 11.69, -3.32, -2.35, -1.28, -34.71, -1.81, 1.01]
[2.26, -18.31, 11.96, 1.95, -1.24, -26.83, 1.99, 1.64, 6.68, -32.06, -0.49, 3.67]
[-3.05, 16.22, 9.3, -10.0, 1.42, -1.59, 0.66, 0.31, 0.04, -0.18, 0.84, 1.01]
[10.23, 4.26, 9.3, 1.95, -1.24, -1.59, 1.99, 0.31, -1.28, 1.15, -1.81, -0.31]
[-5.71, 24.18, 14.61, -8.67, 0.09, -8.24, 0.66, -2.35, -1.28, -13.46, 4.83, 1.01]
[-4.38, -15.66, -7.97, 0.62, 0.09, 1.06, 0.66, 2.97, 4.03, 6.46, -0.49, -0.31]
[0.93, 21.53, 15.94, 11.25, 0.09, 10.36, 0.66, 0.31, 1.37, 13.1, 2.17, 3.67]
[-3.05, 5.59, -2.65, 3.28, -1.24, 2.39, -0.67, -2.35, 0.04, 2.47, -4.47, -2.97]
[4.92, 9.58, -7.97, 9.92, -1.24, -0.27, -1.99, 0.31, 1.37, 5.13, -7.13, 5.0]
