[223.84, 51.74, 125.14, 177.25, 334.99, 160.67]
[180.95, 1380.25, 136.31, 1240.61, 46.59, 1267.34]
[123.02, 40.05, 11.84, 108.87, 128.07, 50.88]
[82.41, 154.44, 0.0, 76.93, 82.41, 154.44]
[729.21, 290.2, 67.83, 446.06, 668.48, 228.53]
[13.28, 196.17, 60.0, 186.8, 51.75, 136.31]
[802.44, 602.42, 753.33, 202.48, 50.97, 156.53]
[65.42, 161.36, 106.23, 96.05, 58.63, 81.91]
[73.45, 158.5, 6.0, 88.0, 73.63, 157.55]
[225.83, 31.57, 225.01, 241.54, 7.32, 241.45]
[157.57, 60.06, 109.52, 100.57, 48.05, 53.7]
[118.66, 116.73, 174.73, 15.3, 289.5, 289.77]
[319.05, 582.07, 68.35, 272.39, 380.63, 637.73]
[300.71, 38.08, 57.58, 324.95, 254.65, 94.3]
[128.62, 1310.66, 234.4, 1218.53, 362.92, 1496.93]
[47.78, 24.92, 80.5, 65.42, 128.05, 70.7]
[562.1, 1195.29, 80.5, 668.84, 495.91, 1141.9]
[1376.32, 709.89, 598.65, 743.8, 827.05, 113.35]
[272.34, 163.18, 43.77, 357.46, 305.06, 131.31]
[121.21, 72.12, 69.18, 49.48, 55.02, 16.06]
[111.14, 24.92, 234.4, 128.84, 345.16, 220.78]
[41.77, 128.27, 87.22, 149.87, 118.78, 52.3]
[16.49, 86.61, 88.26, 76.03, 78.39, 8.12]
[768.0, 776.22, 642.85, 10.62, 125.73, 133.88]
[45.14, 45.14, 21.47, 0.0, 52.37, 52.37]
[120.62, 32.2, 189.88, 142.41, 78.03, 214.87]
[1034.58, 1181.91, 1052.06, 171.71, 45.91, 145.02]
[337.04, 299.71, 302.51, 38.62, 34.77, 10.17]
[63.44, 38.47, 55.97, 36.48, 16.15, 36.0]
[697.97, 116.07, 218.42, 808.58, 871.7, 124.71]
[132556.38, 134.3, 234.4, 132541.28, 132431.39, 129.99]
[110.67, 99.52, 83.79, 12.56, 32.55, 25.35]
[93.95, 698.33, 12.03, 791.47, 103.28, 688.97]
