[(79.84, -5.51, 69.37, 105.91), (-591.15, 36.94, 476.48, 760.17), (60.08, -4.59, 60.17, 85.15)]
[(78965.53, 0.0, 63932.16, 101601.56), (53.5, -10.41, 42.89, 69.35), (69487.61, 0.0, 62259.98, 93299.7), (55.92, 2.93, 57.8, 80.48)]
[(-525.93, 11.46, 470.29, 705.62), (258.76, -22.58, 229.12, 346.36), (518.07, -11.29, 463.24, 695.06), (-103.43, 6.54, 75.04, 127.95)]
[(516.04, -56.14, 458.13, 692.34), (395.46, -28.32, 424.35, 580.75), (-296.95, 12.43, 238.7, 381.2), (-122.67, 6.03, 134.62, 182.23)]
[(113.38, 5.23, 107.77, 156.51), (211.92, -14.87, 215.98, 302.95), (-279.09, 5.97, 236.36, 365.78), (228.22, 0.0, 222.92, 319.02)]
[(259.76, 0.0, 231.12, 347.69), (64.41, -6.39, 62.27, 89.82), (-316.37, -6.49, 241.33, 397.96), (62.08, -6.59, 68.95, 93.01)]
[(-560.29, 23.9, 476.31, 735.78), (29.34, 1.63, 2.1, 29.46), (131.82, -3.18, 138.87, 191.5), (55.27, -2.69, 46.13, 72.04)]
[(552.92, 0.0, 470.62, 726.09), (84.16, -4.01, 81.52, 117.24), (556.08, -23.63, 472.73, 730.24), (239.5, -51.02, 143.05, 283.59)]
[(227.74, -10.41, 222.2, 318.35), (109.4, -9.52, 88.88, 141.27), (-523.93, 34.25, 467.38, 702.94), (-48.27, -9.26, 32.18, 58.75)]
[(185.49, 0.0, 155.88, 242.29), (71.41, -10.78, 73.59, 103.11), (74091.96, -1578.7, 63144.94, 97362.18), (162.47, -7.27, 149.92, 221.19)]
[(69355.87, -3019.92, 62068.52, 93122.81), (59.49, -7.58, 59.11, 84.21), (-279.09, 5.97, 236.36, 365.78), (141.28, -6.65, 142.49, 200.77)]
[(556.08, -23.63, 472.73, 730.24), (50.23, -7.8, 46.91, 69.17), (151.67, -3.48, 146.54, 210.92)]
[(-597.71, -12.48, 483.07, 768.61), (421.48, -58.88, 429.51, 604.64), (-525.93, 11.46, 470.29, 705.62), (156.57, -9.73, 117.08, 195.74)]
[(520.0, -33.91, 463.87, 697.65), (27.14, -3.28, 12.35, 30.0), (488.11, -21.74, 457.37, 669.26), (-82.58, 1.51, 11.27, 83.36)]
[(-278.07, 17.84, 234.89, 364.44), (-173.77, 3.82, 153.22, 231.7), (-96.22, 5.38, 36.51, 103.06)]
[(-597.71, 12.48, 483.07, 768.61), (-54.56, 0.0, 33.6, 64.08), (256.29, -33.57, 225.51, 343.03), (316.37, -6.49, 241.33, 397.96)]
[(-523.93, 34.25, 467.38, 702.94), (68.88, -8.33, 64.08, 94.45), (-636.19, 0.0, 487.41, 801.44), (-668.51, 40.1, 482.36, 825.34)]
[(-251.3, -4.84, 159.44, 297.65)]
[(-197.55, -4.15, 157.79, 252.86), (-96.65, 0.0, 86.39, 129.63), (-597.71, -12.48, 483.07, 768.61), (105.47, -7.48, 104.41, 148.6)]
[(-170.77, 0.0, 198.41, 261.78), (-636.19, 0.0, 487.41, 801.44), (-132.71, 2.43, 59.17, 145.32)]
[(-336.33, 0.0, 242.62, 414.7), (-72.75, 4.97, 58.95, 93.77), (-716.04, -28.04, 487.78, 866.85), (-597.71, 12.48, 483.07, 768.61)]
[(-636.19, 0.0, 487.41, 801.44), (-313.33, -5.64, 144.52, 345.1)]
[(74091.96, -1578.7, 63144.94, 97362.18), (212.85, -4.98, 217.39, 304.28), (-597.71, -12.48, 483.07, 768.61), (-91.96, -1.71, 30.51, 96.9)]
[(-316.37, -6.49, 241.33, 397.96), (-83.6, -7.99, 80.61, 116.41), (-297.47, 0.0, 239.45, 381.87)]
[(69.81, -1.68, 65.65, 95.84), (-210.3, 0.0, 159.38, 263.87), (72.95, 1.66, 59.33, 94.05)]
[(518.07, -11.29, 463.24, 695.06), (-221.9, -12.22, 111.11, 248.47), (-331.28, 0.0, 137.31, 358.61)]
[(-630.36, -25.69, 482.25, 794.08), (-77.94, 0.0, 60.88, 98.9), (552.92, 0.0, 470.62, 726.09), (69.81, -1.68, 65.65, 95.84)]
[(636.19, 0.0, 487.41, 801.44), (552.92, 0.0, 470.62, 726.09), (162.47, 7.27, 149.92, 221.19)]
[(-156.57, -9.73, 117.08, 195.74), (84.16, 4.01, 81.52, 117.24), (-356.67, -6.97, 242.44, 431.32), (-88.23, -1.63, 24.4, 91.55)]
[(-177.51, -3.53, 118.98, 213.73), (35.03, 3.7, 18.67, 39.87), (-316.37, -6.49, 241.33, 397.96), (-72.95, 1.66, 59.33, 94.05)]
//10%