[46.05, 80.72, 79.61, 34.69, 33.61, 3.43]
[46.05, 74.45, 46.05, 28.39, 0.0, 28.39]
[10.3, 53.54, 46.05, 44.05, 36.86, 7.96]
[79.61, 46.05, 46.05, 33.61, 33.61, 0.0]
[43.34, 36.86, 9.54, 7.37, 51.94, 45.13]
[46.05, 66.44, 46.05, 112.49, 0.0, 112.49]
[85.65, 74.45, 46.05, 11.7, 39.66, 28.39]
[52.62, 98.38, 0.0, 45.91, 52.62, 98.38]
[10.3, 74.45, 89.79, 65.17, 99.1, 164.04]
[52.62, 80.72, 46.05, 28.46, 7.37, 34.69]
[28.43, 46.05, 0.0, 21.34, 28.43, 46.05]
[10.3, 79.61, 52.62, 70.3, 43.34, 27.09]
[52.62, 53.54, 79.61, 4.19, 27.09, 26.38]
[46.05, 5.84, 46.05, 45.13, 0.0, 45.13]
[10.3, 79.61, 0.0, 70.3, 10.3, 79.61]
[64.19, 5.84, 79.61, 65.12, 143.2, 78.68]
[10.3, 64.19, 0.0, 72.95, 10.3, 64.19]
[10.3, 46.05, 0.0, 36.86, 10.3, 46.05]
[53.54, 98.38, 46.05, 45.07, 7.96, 52.34]
[46.05, 74.45, 0.0, 28.39, 46.05, 74.45]
[89.79, 74.45, 10.3, 164.04, 99.1, 65.17]
[35.05, 27.09, 4.19, 62.06, 36.06, 26.38]
[46.05, 7.96, 0.0, 53.54, 46.05, 7.96]
[59.8, 79.61, 52.62, 20.24, 7.6, 27.09]
[0.0, 33.61, 36.86, 33.61, 36.86, 70.3]
[39.09, 45.13, 0.0, 84.15, 39.09, 45.13]
[10.3, 80.72, 79.61, 71.31, 70.3, 3.43]
[4.19, 22.28, 52.62, 21.24, 53.54, 74.45]
[7.37, 45.13, 46.05, 51.94, 52.62, 5.84]
