[(133.08, -18.09, 173.87, 219.7), (17.29, -7.84, 18.62, 26.59), (95.89, -12.78, 117.83, 152.45), (61.06, -6.95, 78.02, 99.32)]
[(289.3, -38.12, 367.25, 469.07), (121.35, -20.36, 164.6, 205.51), (153.71, -27.75, 183.94, 241.3), (143.22, -22.75, 179.18, 230.51)]
[(121.35, -20.36, 164.6, 205.51), (-57.62, 4.72, 66.2, 87.89), (130.69, -24.89, 169.74, 215.67), (28582.2, -7348.48, 40905.01, 50439.68)]
[(226.92, -25.97, 327.19, 399.03), (-226.92, 25.97, 327.19, 399.03), (118.64, -26.55, 159.81, 200.8)]
[(268.55, -29.06, 356.23, 447.06), (134.67, -10.97, 176.63, 222.38), (-268.55, 29.06, 356.23, 447.06)]
[(112.33, -16.16, 158.98, 195.33), (133.08, -18.09, 173.87, 219.7), (54.47, -11.2, 70.75, 89.99)]
[(121.35, -20.36, 164.6, 205.51), (-30.38, 4.48, 21.21, 37.32), (81.29, -11.45, 107.7, 135.42)]
[(121.35, -20.36, 164.6, 205.51), (-228.58, 69.97, 309.09, 390.74), (133.08, -18.09, 173.87, 219.7), (118.64, -26.55, 159.81, 200.8)]
[(223.16, -38.33, 320.44, 392.36), (81.29, -11.45, 107.7, 135.42), (-83.04, 2.34, 110.84, 138.52)]
[(245.41, -34.14, 338.78, 419.72), (-204.4, 70.23, 286.81, 359.13), (289.3, -38.12, 367.25, 469.07)]
[(240.77, -46.91, 330.68, 411.72), (234.57, -58.78, 319.95, 401.06), (264.57, -42.98, 349.44, 440.4), (107.06, -27.74, 149.41, 185.89)]
[(-289.3, 38.12, 367.25, 469.07), (223.16, -38.33, 320.44, 392.36)]
[(121.35, -20.36, 164.6, 205.51), (264.57, -42.98, 349.44, 440.4), (19.67, -5.2, 5.48, 21.07)]
[(110.07, -22.18, 154.87, 191.29), (130.69, -24.89, 169.74, 215.67), (42.67, -10.19, 51.03, 67.3)]
[(284.4, -52.48, 359.1, 461.08), (49.2, -11.93, 65.2, 82.55)]
[(43.73, -7.82, 53.29, 69.37), (-240.77, 46.91, 330.68, 411.72), (268.55, -29.06, 356.23, 447.06), (217.89, -49.92, 311.03, 383.03)]
[(264.57, -42.98, 349.44, 440.4), (264.57, -42.98, 349.44, 440.4), (121.35, -20.36, 164.6, 205.51)]
[(58.74, -13.4, 73.59, 95.11), (95.89, -12.78, 117.83, 152.45), (79.74, -15.74, 104.87, 132.68)]
[(145.26, -15.37, 182.63, 233.86), (-29.09, 7.76, 16.83, 34.49), (145.26, -15.37, 182.63, 233.86), (28.94, -5.34, 22.12, 36.82)]
[(88.99, -9.74, 113.89, 144.86), (-292.57, 23.1, 372.71, 474.39), (344.13, -25.88, 402.72, 530.36), (104.69, -10.88, 124.06, 162.69)]
[(134.67, -10.97, 176.63, 222.38), (-113.22, 46.22, 140.3, 186.12), (147.04, -7.79, 185.42, 236.78), (28.25, -4.53, 25.34, 38.22)]
[(229.18, -13.09, 331.26, 403.02), (134.67, -10.97, 176.63, 222.38), (37.2, -4.72, 47.3, 60.36)]
[(264.57, -42.98, 349.44, 440.4), (88.99, -9.74, 113.89, 144.86), (64.75, -12.56, 79.07, 102.97)]
[(145.26, -15.37, 182.63, 233.86), (203.46, -41.97, 303.7, 367.95), (88.99, -9.74, 113.89, 144.86), (69.43, -6.22, 99.36, 121.38)]
[(245.41, -34.14, 338.78, 419.72), (133.08, -18.09, 173.87, 219.7), (145.26, -15.37, 182.63, 233.86)]
[(268.55, -29.06, 356.23, 447.06), (133.08, -18.09, 173.87, 219.7), (95.89, -12.78, 117.83, 152.45), (69.43, -6.22, 99.36, 121.38)]
[(268.55, -29.06, 356.23, 447.06), (145.26, -15.37, 182.63, 233.86), (145.26, -15.37, 182.63, 233.86)]
[(268.55, -29.06, 356.23, 447.06), (63.0, -7.76, 93.11, 112.69), (292.57, -23.1, 372.71, 474.39), (130.69, -24.89, 169.74, 215.67)]
[(134.67, -10.97, 176.63, 222.38), (-52.54, 28.51, 51.7, 79.03), (97.22, -7.78, 120.03, 154.66), (88.99, -9.74, 113.89, 144.86)]
[(292.57, -23.1, 372.71, 474.39)]
[(145.26, -15.37, 182.63, 233.86), (147.04, -7.79, 185.42, 236.78), (25.91, -2.45, 13.73, 29.43)]
[(292.57, -23.1, 372.71, 474.39), (133.08, -18.09, 173.87, 219.7), (145.26, -15.37, 182.63, 233.86)]
[(123.29, -13.78, 168.04, 208.87), (32969.24, -9802.21, 42959.12, 55032.18), (97.22, -7.78, 120.03, 154.66), (71.0, -11.47, 84.24, 110.76)]
[(134.67, -10.97, 176.63, 222.38), (95.89, -12.78, 117.83, 152.45)]
[(82.32, -6.95, 109.59, 137.24), (134.67, -10.97, 176.63, 222.38), (90.01, -4.94, 115.62, 146.61)]
[(123.29, -13.78, 168.04, 208.87), (-45.29, 32.66, 38.97, 68.09), (296.43, -7.82, 378.31, 480.68), (245.41, -34.14, 338.78, 419.72)]
[(82.32, -6.95, 109.59, 137.24), (147.04, -7.79, 185.42, 236.78), (147.04, -7.79, 185.42, 236.78)]
[(134.67, -10.97, 176.63, 222.38), (28.77, -2.14, 43.11, 51.87), (292.57, -23.1, 372.71, 474.39), (90.01, -4.94, 115.62, 146.61)]
[(133.08, -18.09, 173.87, 219.7), (60.09, -10.28, 76.17, 97.57), (95.89, -12.78, 117.83, 152.45)]
[(292.57, -23.1, 372.71, 474.39), (145.26, -15.37, 182.63, 233.86), (61.06, -6.95, 78.02, 99.32)]
//20%