[(-19.98, 3.18, 17.83, 26.97), (-42.98, 3.02, 72.18, 84.07), (-38.39, -4.21, 65.89, 76.37)]
[(-32.14, 1.15, 48.37, 58.09), (-32.14, 1.15, 48.37, 58.09), (-52.8, 0.0, 83.79, 99.04)]
[(-32.14, 1.15, 48.37, 58.09), (-25.33, 1.86, 30.88, 39.98), (-47.89, 1.62, 78.36, 91.85), (-52.72, 3.46, 83.56, 98.86)]
[(-25.46, 0.0, 31.29, 40.34), (-42.98, 3.02, 72.18, 84.07), (-28.92, 0.0, 43.55, 52.28)]
[(-35.72, 0.0, 53.36, 64.21), (-21.73, 0.0, 11.99, 24.82), (-47.89, 1.62, 78.36, 91.85), (-39.35, 1.3, 57.77, 69.91)]
[(-32.14, 1.15, 48.37, 58.09), (-31.07, -2.11, 40.04, 50.72)]
[(-43.3, 0.0, 72.91, 84.8), (-24.83, 5.88, 77.01, 81.13), (-39.35, 1.3, 57.77, 69.91), (-39.35, 1.3, 57.77, 69.91)]
[(-23.25, 0.0, 21.56, 31.71), (-52.72, 3.46, 83.56, 98.86), (-39.35, 1.3, 57.77, 69.91), (-28.36, 0.0, 31.01, 42.02)]
[(-47.89, 1.62, 78.36, 91.85), (-47.89, 1.62, 78.36, 91.85), (-52.8, 0.0, 83.79, 99.04)]
[(-35.49, -2.45, 52.81, 63.67), (-52.8, 0.0, 83.79, 99.04), (-79.54, -2.59, 132.37, 154.45)]
[(-39.35, 1.3, 57.77, 69.91), (-28.36, 0.0, 31.01, 42.02), (-72.09, 4.84, 124.59, 144.02)]
[(-31.25, 0.0, 40.51, 51.16), (-72.13, 0.0, 124.77, 144.12), (-52.8, 0.0, 83.79, 99.04)]
[(-39.35, -1.3, 57.77, 69.91), (-25.33, 1.86, 30.88, 39.98), (-34.34, 1.12, 44.52, 56.24)]
[(-39.35, -1.3, 57.77, 69.91), (-52.72, 3.46, 83.56, 98.86), (-58.07, 1.85, 89.18, 106.43)]
[(-52.8, 0.0, 83.79, 99.04), (-58.07, 1.85, 89.18, 106.43)]
[(-79.54, 2.59, 132.37, 154.45), (-41.26, 1.27, 52.35, 66.66), (-37.7, 0.0, 48.53, 61.46)]
[(-34.34, 1.12, 44.52, 56.24), (-31.07, 2.11, 40.04, 50.72), (-43.29, 0.0, 62.26, 75.83)]
[(-43.29, 0.0, 62.26, 75.83), (-52.8, 0.0, 83.79, 99.04), (-26.38, 0.0, 23.24, 35.16)]
[(-52.8, 0.0, 83.79, 99.04), (-58.07, 1.85, 89.18, 106.43), (-43.29, 0.0, 62.26, 75.83)]
[(-52.8, 0.0, 83.79, 99.04), (-58.07, -1.85, 89.18, 106.43), (-63.79, 0.0, 94.76, 114.23)]
[(-47.89, -1.62, 78.36, 91.85), (-47.89, 1.62, 78.36, 91.85), (-52.8, 0.0, 83.79, 99.04)]
[(-72.13, 0.0, 124.77, 144.12)]
[(-52.8, 0.0, 83.79, 99.04), (-159.08, 10.3, 271.63, 314.95), (-25.69, -0.89, 26.48, 36.91)]
[(-39.35, -1.3, 57.77, 69.91), (-34.34, 1.12, 44.52, 56.24), (-58.07, 1.85, 89.18, 106.43), (-28.36, 0.0, 31.01, 42.02)]
[(-52.8, 0.0, 83.79, 99.04), (-58.07, 1.85, 89.18, 106.43), (-47.46, 4.84, 77.37, 90.9)]
[(-144.59, 4.84, 257.69, 295.52), (-52.8, 0.0, 83.79, 99.04), (-28.36, 0.0, 31.01, 42.02)]
[(-39.35, -1.3, 57.77, 69.91), (-35.72, 0.0, 53.36, 64.21), (-58.07, 1.85, 89.18, 106.43)]
[(-72.13, 0.0, 124.77, 144.12), (-52.8, 0.0, 83.79, 99.04), (-39.35, 1.3, 57.77, 69.91)]
[(-47.89, -1.62, 78.36, 91.85), (-23.73, -2.45, 17.27, 29.45), (-30.87, -3.0, 34.26, 46.21)]
[(-39.35, -1.3, 57.77, 69.91), (-52.8, 0.0, 83.79, 99.04), (-31.25, 0.0, 40.51, 51.16)]
[(-79.54, 2.59, 132.37, 154.45), (-12.15, 2.19, 14.69, 19.19), (-159.08, 10.3, 271.63, 314.95), (-52.72, 3.46, 83.56, 98.86)]
[(-39.35, -1.3, 57.77, 69.91), (-24.85, -1.63, 15.66, 29.42), (-87.27, 5.51, 139.61, 164.74)]
[(-159.75, 0.0, 272.98, 316.29), (-26.25, -1.74, 22.8, 34.81), (-159.08, 10.3, 271.63, 314.95)]
[(-52.05, -6.84, 82.1, 97.45), (-103.21, -15.33, 208.54, 233.19), (-42.69, -5.51, 60.86, 74.54), (-52.72, -3.46, 83.56, 98.86)]
[(-159.75, 0.0, 272.98, 316.29), (-30.2, 3.39, 12.01, 32.67), (-34.34, 1.12, 44.52, 56.24), (-28.23, -1.0, 35.99, 45.75)]
